{"metadata":{"fps":15,"n_frames":179,"image_width":640,"image_height":480,"camera":{"focal_px":479.7176,"cx":320.0,"cy":240.0,"model":"pinhole"},"gravity_up":[0.01865,-0.97548,-0.21929],"gravity_pitch_deg":-12.659,"gravity_roll_deg":-1.098,"coordinate_frame":"camera-centered, metric metres; +X right, +Y down, +Z forward","hand_joint_order":"MANO 21: 0=wrist, then thumb(1-4), index(5-8), middle(9-12), ring(13-16), pinky(17-20), tip last"},"objects":[{"id":0,"label":"black tool box","detection_confidence":0.9453},{"id":1,"label":"pressure gauge","detection_confidence":0.8438},{"id":2,"label":"blue tool","detection_confidence":0.6875},{"id":3,"label":"power adapter","detection_confidence":0.832}],"frames":[{"frame":0,"hands":[{"side":"left","joints_3d_m":[[0.11299,0.32263,1.24952],[0.07929,0.33266,1.23161],[0.05591,0.34702,1.21656],[0.04559,0.37115,1.20806],[0.03344,0.39793,1.18569],[0.08082,0.3487,1.16857],[0.0801,0.37833,1.15271],[0.07696,0.40099,1.14944],[0.06992,0.42579,1.15326],[0.10396,0.35869,1.16251],[0.10289,0.38973,1.15152],[0.09933,0.4139,1.15057],[0.09366,0.44038,1.15386],[0.12605,0.36675,1.17683],[0.12523,0.39209,1.16146],[0.12193,0.41797,1.15811],[0.11605,0.4436,1.16265],[0.14031,0.37477,1.19212],[0.13782,0.39571,1.18706],[0.13459,0.41518,1.1861],[0.12776,0.43425,1.18637]],"joints_2d_px":[[365.38,369.87],[351.09,374.19],[342.8,383.88],[340.2,394.82],[336.67,406.56],[352.38,382.92],[352.1,395.89],[350.99,405.57],[349.0,416.56],[362.21,387.75],[361.53,401.22],[359.89,411.47],[357.22,422.66],[371.33,391.16],[370.18,402.57],[368.1,413.42],[364.33,423.88],[377.08,394.4],[375.39,403.5],[373.82,411.8],[370.47,420.16]]},{"side":"right","joints_3d_m":[[-0.09391,0.32887,1.19623],[-0.05938,0.33614,1.18076],[-0.03929,0.35004,1.16188],[-0.02655,0.37287,1.1543],[-0.01088,0.39559,1.1299],[-0.05504,0.3543,1.11858],[-0.04541,0.38613,1.11696],[-0.0368,0.4066,1.12181],[-0.02666,0.42192,1.13986],[-0.07592,0.3664,1.1113],[-0.06541,0.39665,1.11151],[-0.05512,0.41589,1.1207],[-0.04859,0.42717,1.14295],[-0.0974,0.37572,1.12417],[-0.08343,0.40078,1.11914],[-0.07067,0.421,1.12694],[-0.06414,0.43674,1.14588],[-0.11145,0.38423,1.13849],[-0.09957,0.4017,1.13607],[-0.08859,0.41645,1.14146],[-0.07862,0.42539,1.15341]],"joints_2d_px":[[282.37,375.39],[298.82,379.13],[306.67,389.14],[309.76,400.93],[313.54,412.72],[301.27,388.75],[305.89,403.85],[309.99,413.38],[313.8,420.67],[291.39,394.59],[296.49,408.89],[301.54,417.65],[305.82,421.68],[281.11,398.78],[287.79,410.68],[294.04,419.53],[298.75,424.33],[274.35,402.57],[279.89,410.92],[284.97,417.81],[289.35,421.19]]}],"objects":[{"id":0,"label":"black tool box","pose":{"rotation_3x3":[[-0.96297,0.26924,-0.0142],[0.08308,0.24622,-0.96565],[-0.25649,-0.93107,-0.25947]],"translation_m":[0.15088,0.42785,1.20698]},"obb":{"corners_m":[[0.39242,0.39637,1.44717],[-0.17923,0.44568,1.2949],[-0.08966,0.5276,0.98513],[0.482,0.47828,1.13739],[0.39142,0.3281,1.42882],[-0.18024,0.37742,1.27656],[-0.09066,0.45934,0.96679],[0.481,0.41002,1.11905]],"extent_m":[0.59364,0.33271,0.07069]}},{"id":1,"label":"pressure gauge","pose":{"rotation_3x3":[[-0.9994,0.03026,0.01672],[0.0113,-0.17103,0.9852],[0.03267,0.9848,0.17058]],"translation_m":[-0.28234,0.5068,1.09871]},"obb":{"corners_m":[[-0.20584,0.51262,1.03447],[-0.36272,0.51439,1.03959],[-0.35897,0.4932,1.16161],[-0.20209,0.49143,1.15649],[-0.20571,0.5204,1.03581],[-0.36259,0.52218,1.04094],[-0.35884,0.50099,1.16296],[-0.20196,0.49921,1.15783]],"extent_m":[0.15697,0.1239,0.0079]}},{"id":2,"label":"blue tool","pose":{"rotation_3x3":[[-0.55356,-0.32089,-0.7685],[-0.23765,0.94528,-0.22353],[0.79818,0.0589,-0.59953]],"translation_m":[0.65103,0.44102,1.16397]},"obb":{"corners_m":[[0.74901,0.42319,1.0968],[0.63431,0.37395,1.2622],[0.60077,0.47274,1.26836],[0.71548,0.52198,1.10296],[0.70129,0.40931,1.05957],[0.58658,0.36007,1.22497],[0.55305,0.45886,1.23113],[0.66775,0.5081,1.06573]],"extent_m":[0.20722,0.10451,0.0621]}}]},{"frame":1,"hands":[{"side":"left","joints_3d_m":[[0.11076,0.3283,1.2532],[0.08025,0.32964,1.23152],[0.05894,0.3384,1.21224],[0.04638,0.35867,1.20024],[0.03295,0.38005,1.17469],[0.08528,0.34467,1.16861],[0.07739,0.37194,1.15291],[0.06738,0.39033,1.15227],[0.05387,0.4073,1.16024],[0.10454,0.35922,1.16416],[0.09446,0.38671,1.15528],[0.08328,0.4053,1.15635],[0.06987,0.42312,1.16378],[0.12096,0.37178,1.17974],[0.11369,0.39456,1.1647],[0.10198,0.41443,1.16356],[0.08969,0.43199,1.17274],[0.13023,0.38248,1.1955],[0.12349,0.40073,1.18874],[0.11459,0.41634,1.18741],[0.10308,0.42872,1.18978]],"joints_2d_px":[[364.67,367.85],[350.88,369.24],[341.47,375.8],[338.12,385.4],[335.49,396.06],[352.25,374.57],[349.12,386.64],[344.86,395.16],[339.45,403.11],[361.14,380.13],[357.48,392.41],[352.54,401.05],[345.73,409.02],[369.15,385.25],[367.45,394.9],[362.27,404.18],[355.2,410.64],[373.94,389.83],[372.04,398.02],[368.71,405.42],[363.21,411.09]]},{"side":"right","joints_3d_m":[[-0.09632,0.32832,1.20036],[-0.06289,0.33045,1.18231],[-0.04092,0.34104,1.16386],[-0.02518,0.36144,1.15613],[-0.00682,0.38164,1.13188],[-0.0607,0.34735,1.11968],[-0.04729,0.37719,1.11678],[-0.0353,0.39441,1.12291],[-0.02331,0.40412,1.14194],[-0.07982,0.36211,1.11361],[-0.06501,0.38988,1.1132],[-0.05149,0.40602,1.12248],[-0.04345,0.41419,1.14514],[-0.09841,0.37432,1.12772],[-0.08129,0.39673,1.12244],[-0.0653,0.41333,1.13073],[-0.05721,0.42651,1.15073],[-0.1098,0.38469,1.14276],[-0.09694,0.401,1.13906],[-0.08373,0.41345,1.14396],[-0.07315,0.41934,1.15639]],"joints_2d_px":[[281.4,372.18],[297.38,373.34],[307.05,382.83],[311.84,394.5],[317.76,407.12],[297.96,380.98],[304.26,395.46],[309.67,403.98],[313.96,409.38],[288.58,387.88],[295.36,401.46],[301.9,408.95],[306.78,411.48],[279.59,393.72],[287.64,404.63],[295.41,411.52],[299.84,413.46],[274.11,398.73],[280.34,406.5],[286.6,412.12],[291.39,413.4]]}],"objects":[{"id":0,"label":"black tool box","pose":{"rotation_3x3":[[-0.96373,0.26598,-0.02176],[0.07834,0.20402,-0.97583],[-0.25511,-0.94214,-0.21746]],"translation_m":[0.15685,0.43843,1.19474]},"obb":{"corners_m":[[0.40535,0.41511,1.41717],[-0.16914,0.46182,1.2651],[-0.0903,0.5223,0.98581],[0.4842,0.4756,1.13788],[0.404,0.35456,1.40367],[-0.17049,0.40126,1.2516],[-0.09165,0.46174,0.97232],[0.48285,0.41504,1.12439]],"extent_m":[0.59611,0.29644,0.06206]}},{"id":1,"label":"pressure gauge","pose":{"rotation_3x3":[[-0.99981,0.01895,0.00494],[0.00269,-0.11665,0.99317],[0.0194,0.99299,0.11658]],"translation_m":[-0.28044,0.50214,1.0883]},"obb":{"corners_m":[[-0.20337,0.50697,1.02113],[-0.36004,0.50739,1.02417],[-0.35754,0.49204,1.15485],[-0.20087,0.49162,1.15181],[-0.20334,0.51223,1.02174],[-0.36001,0.51265,1.02478],[-0.35752,0.4973,1.15546],[-0.20085,0.49688,1.15242]],"extent_m":[0.1567,0.1316,0.00529]}},{"id":2,"label":"blue tool","pose":{"rotation_3x3":[[-0.55823,-0.28485,-0.77926],[-0.23598,0.95494,-0.18003],[0.79542,0.08339,-0.60029]],"translation_m":[0.64902,0.44008,1.16355]},"obb":{"corners_m":[[0.74407,0.42,1.09411],[0.62846,0.37112,1.25885],[0.59881,0.47052,1.26753],[0.71442,0.51939,1.10279],[0.69923,0.40964,1.05957],[0.58361,0.36076,1.22431],[0.55397,0.46016,1.23299],[0.66958,0.50903,1.06825]],"extent_m":[0.20711,0.10408,0.05754]}}]},{"frame":2,"hands":[{"side":"left","joints_3d_m":[[0.10721,0.33248,1.25697],[0.07927,0.32723,1.23239],[0.05958,0.33192,1.20994],[0.04509,0.34913,1.19547],[0.03031,0.36601,1.16755],[0.08693,0.34194,1.16968],[0.0734,0.36729,1.15433],[0.05817,0.38211,1.15577],[0.04008,0.39273,1.16702],[0.10311,0.36004,1.16656],[0.08607,0.38461,1.15945],[0.06916,0.3986,1.16223],[0.0504,0.40931,1.17309],[0.11507,0.37592,1.18319],[0.10252,0.39661,1.16885],[0.08449,0.41149,1.16969],[0.06778,0.42264,1.18264],[0.12044,0.38854,1.19937],[0.11022,0.40459,1.19154],[0.09698,0.41696,1.19018],[0.08219,0.42398,1.1944]],"joints_2d_px":[[361.41,365.15],[348.59,362.39],[339.21,366.34],[334.22,375.05],[329.68,384.99],[351.88,367.76],[345.46,379.24],[338.51,386.07],[331.0,391.53],[359.32,375.84],[351.41,387.06],[343.21,392.91],[333.96,396.46],[364.89,383.32],[359.33,392.66],[350.26,398.49],[341.64,400.61],[367.45,389.33],[363.19,396.55],[356.45,401.53],[349.4,402.55]]},{"side":"right","joints_3d_m":[[-0.09936,0.32721,1.20514],[-0.06683,0.32531,1.18517],[-0.04354,0.33312,1.16689],[-0.02552,0.35146,1.15879],[-0.00528,0.36961,1.13448],[-0.06623,0.34113,1.12219],[-0.0498,0.36926,1.11807],[-0.03518,0.38385,1.12519],[-0.02184,0.38914,1.14496],[-0.08394,0.35793,1.11698],[-0.06567,0.38358,1.11622],[-0.04959,0.39717,1.12552],[-0.04017,0.40287,1.14835],[-0.10028,0.37239,1.13196],[-0.08065,0.3926,1.12643],[-0.06211,0.40626,1.13492],[-0.05251,0.41738,1.15553],[-0.10961,0.38419,1.14751],[-0.09608,0.39952,1.1425],[-0.0811,0.4101,1.14669],[-0.06989,0.41372,1.15925]],"joints_2d_px":[[280.38,369.56],[295.12,368.2],[305.56,375.51],[311.55,385.83],[318.46,396.1],[294.88,375.38],[302.69,388.18],[309.58,395.13],[315.51,398.95],[286.88,383.37],[295.59,395.05],[303.19,401.2],[308.92,403.11],[279.7,390.3],[288.83,399.62],[297.38,405.16],[302.27,406.94],[275.75,395.89],[282.05,403.02],[288.69,407.36],[293.12,406.73]]}],"objects":[{"id":0,"label":"black tool box","pose":{"rotation_3x3":[[-0.96983,0.24323,-0.01651],[0.06882,0.2082,-0.97566],[-0.23388,-0.94736,-0.21865]],"translation_m":[0.15468,0.44621,1.20851]},"obb":{"corners_m":[[0.4122,0.42191,1.42296],[-0.17276,0.46342,1.2819],[-0.10193,0.52404,1.00606],[0.48302,0.48253,1.14712],[0.41129,0.36837,1.41096],[-0.17366,0.40988,1.2699],[-0.10284,0.4705,0.99406],[0.48211,0.42899,1.13512]],"extent_m":[0.60315,0.29117,0.05488]}},{"id":1,"label":"pressure gauge","pose":{"rotation_3x3":[[-0.99997,0.00394,0.00705],[0.0064,-0.1463,0.98922],[0.00493,0.98923,0.14627]],"translation_m":[-0.28261,0.50505,1.0912]},"obb":{"corners_m":[[-0.20493,0.51052,1.03147],[-0.3608,0.51152,1.03224],[-0.36033,0.49409,1.15012],[-0.20447,0.49309,1.14935],[-0.2049,0.51601,1.03228],[-0.36076,0.51701,1.03305],[-0.3603,0.49957,1.15093],[-0.20443,0.49858,1.15016]],"extent_m":[0.15587,0.11916,0.00555]}},{"id":2,"label":"blue tool","pose":{"rotation_3x3":[[-0.55419,-0.24159,-0.79656],[-0.2185,0.96562,-0.14084],[0.8032,0.096,-0.58792]],"translation_m":[0.64739,0.44028,1.16291]},"obb":{"corners_m":[[0.74031,0.41646,1.09134],[0.62529,0.37111,1.25805],[0.60001,0.47214,1.2681],[0.71504,0.5175,1.10138],[0.69477,0.40841,1.05772],[0.57974,0.36306,1.22444],[0.55446,0.46409,1.23448],[0.66949,0.50944,1.06777]],"extent_m":[0.20756,0.10463,0.05718]}}]},{"frame":3,"hands":[{"side":"left","joints_3d_m":[[0.10236,0.33518,1.26069],[0.07635,0.32544,1.23408],[0.05783,0.32759,1.20952],[0.04173,0.34254,1.19362],[0.02554,0.35582,1.16416],[0.08578,0.34053,1.17166],[0.06812,0.36436,1.15682],[0.04934,0.37634,1.15979],[0.02853,0.3821,1.17347],[0.09965,0.36114,1.1696],[0.07773,0.38345,1.16393],[0.05699,0.39379,1.16807],[0.03525,0.39897,1.18169],[0.10837,0.37919,1.18705],[0.09173,0.39827,1.17377],[0.06946,0.40917,1.17637],[0.05031,0.41554,1.19221],[0.11093,0.39297,1.20361],[0.09803,0.40728,1.19532],[0.08174,0.41706,1.19428],[0.06506,0.42004,1.20009]],"joints_2d_px":[[357.19,361.53],[346.28,356.88],[337.51,360.58],[331.66,368.46],[325.16,376.26],[351.06,364.5],[343.22,375.11],[334.88,380.24],[326.38,383.24],[356.78,374.02],[346.73,383.64],[337.37,387.63],[327.4,388.59],[359.98,382.03],[352.07,390.54],[341.81,393.97],[333.01,393.26],[360.55,388.01],[354.06,394.0],[346.48,397.62],[338.88,397.59]]},{"side":"right","joints_3d_m":[[-0.10303,0.32551,1.21055],[-0.07118,0.3207,1.18932],[-0.04713,0.32629,1.17097],[-0.02755,0.34293,1.16226],[-0.00626,0.35952,1.13767],[-0.07164,0.33564,1.12607],[-0.05296,0.36234,1.12083],[-0.03644,0.3749,1.12865],[-0.02224,0.377,1.14891],[-0.08829,0.35386,1.12138],[-0.06739,0.37775,1.12056],[-0.04942,0.38936,1.12979],[-0.03875,0.39321,1.15258],[-0.103,0.36992,1.13689],[-0.08153,0.38838,1.13111],[-0.06111,0.39981,1.1395],[-0.05002,0.40934,1.16028],[-0.11086,0.38276,1.15272],[-0.097,0.39726,1.14638],[-0.08071,0.40639,1.14963],[-0.06887,0.40852,1.16199]],"joints_2d_px":[[279.21,366.21],[293.68,364.09],[304.4,370.34],[311.02,379.82],[318.5,389.22],[293.31,371.17],[301.6,383.68],[309.0,389.54],[314.17,390.94],[285.68,379.54],[295.16,390.6],[303.42,395.6],[308.83,395.47],[278.99,386.82],[288.93,395.22],[298.22,399.44],[303.08,399.86],[275.44,392.63],[282.05,399.19],[289.36,402.82],[294.09,401.6]]}],"objects":[{"id":0,"label":"black tool box","pose":{"rotation_3x3":[[-0.97553,0.21889,-0.02058],[0.06607,0.2026,-0.97703],[-0.2097,-0.95448,-0.2121]],"translation_m":[0.14787,0.44676,1.21237]},"obb":{"corners_m":[[0.40665,0.42254,1.42148],[-0.17456,0.46191,1.29655],[-0.10984,0.52181,1.0143],[0.47137,0.48245,1.13924],[0.40557,0.3717,1.41045],[-0.17564,0.41106,1.28551],[-0.11091,0.47097,1.00326],[0.4703,0.43161,1.1282]],"extent_m":[0.59579,0.29571,0.05204]}},{"id":1,"label":"pressure gauge","pose":{"rotation_3x3":[[-0.99989,-0.01256,0.00728],[0.00887,-0.13143,0.99129],[-0.01149,0.99125,0.13153]],"translation_m":[-0.28112,0.50047,1.08608]},"obb":{"corners_m":[[-0.20164,0.50555,1.02115],[-0.35899,0.50694,1.01934],[-0.36065,0.48958,1.15025],[-0.20329,0.48819,1.15206],[-0.20159,0.51137,1.02192],[-0.35894,0.51276,1.02011],[-0.3606,0.4954,1.15102],[-0.20325,0.49401,1.15283]],"extent_m":[0.15737,0.13207,0.00587]}},{"id":2,"label":"blue tool","pose":{"rotation_3x3":[[-0.57906,-0.24197,-0.77855],[-0.23173,0.9644,-0.12738],[0.78166,0.10666,-0.61452]],"translation_m":[0.64806,0.44316,1.16775]},"obb":{"corners_m":[[0.74241,0.41944,1.09922],[0.62346,0.37184,1.25978],[0.59781,0.47409,1.27109],[0.71675,0.52169,1.11052],[0.69832,0.41223,1.06442],[0.57937,0.36462,1.22498],[0.55372,0.46688,1.23629],[0.67266,0.51448,1.07572]],"extent_m":[0.20541,0.10603,0.05663]}}]},{"frame":4,"hands":[{"side":"left","joints_3d_m":[[0.09535,0.33739,1.26432],[0.07142,0.32546,1.23626],[0.05435,0.32732,1.21047],[0.03676,0.34061,1.19447],[0.01801,0.3503,1.16452],[0.08251,0.34318,1.1747],[0.06265,0.36562,1.16029],[0.04251,0.37513,1.16354],[0.02161,0.3778,1.17768],[0.09448,0.36547,1.17387],[0.06999,0.38585,1.16952],[0.04795,0.39307,1.17453],[0.02671,0.394,1.18969],[0.10056,0.38416,1.19226],[0.08036,0.40226,1.18142],[0.05644,0.40951,1.18573],[0.03779,0.4125,1.20304],[0.1009,0.39791,1.20937],[0.08572,0.41104,1.20196],[0.06788,0.41864,1.20206],[0.0513,0.41882,1.2091]],"joints_2d_px":[[353.91,359.46],[343.48,354.51],[334.42,358.93],[327.92,366.88],[320.2,374.01],[348.21,363.27],[339.5,372.98],[330.66,377.23],[321.83,379.7],[353.35,373.14],[342.61,382.04],[332.9,384.88],[323.26,384.27],[355.93,381.11],[346.93,389.11],[336.5,391.31],[328.51,389.3],[356.01,386.88],[349.39,392.84],[341.6,395.78],[334.95,394.19]]},{"side":"right","joints_3d_m":[[-0.10724,0.32322,1.21663],[-0.07585,0.31701,1.1952],[-0.05203,0.32079,1.17608],[-0.03201,0.33598,1.16594],[-0.0109,0.35125,1.14041],[-0.07624,0.3319,1.132],[-0.05613,0.35731,1.12549],[-0.03854,0.36824,1.13366],[-0.02428,0.36829,1.15406],[-0.09214,0.35083,1.12738],[-0.0694,0.37307,1.12727],[-0.05033,0.38307,1.13628],[-0.0386,0.38549,1.15875],[-0.10601,0.36753,1.14294],[-0.08341,0.38458,1.13696],[-0.06195,0.39447,1.14465],[-0.04912,0.40303,1.16477],[-0.11317,0.38071,1.15878],[-0.09953,0.39451,1.15064],[-0.08253,0.40267,1.15226],[-0.07009,0.40443,1.16385]],"joints_2d_px":[[277.72,364.88],[291.41,362.47],[302.02,367.14],[309.27,375.38],[316.91,384.17],[291.6,369.69],[300.44,380.64],[308.14,385.14],[313.49,385.71],[284.73,377.95],[294.66,387.53],[303.07,391.44],[308.75,390.89],[278.62,384.99],[288.32,392.46],[297.56,395.88],[303.07,396.23],[275.43,390.49],[280.89,396.72],[288.0,400.06],[292.68,398.75]]}],"objects":[{"id":0,"label":"black tool box","pose":{"rotation_3x3":[[-0.97798,0.20759,-0.02134],[0.06405,0.20125,-0.97744],[-0.19862,-0.95729,-0.21012]],"translation_m":[0.14508,0.43948,1.19864]},"obb":{"corners_m":[[0.40483,0.41654,1.40262],[-0.17416,0.45445,1.28504],[-0.11356,0.5132,1.00558],[0.46543,0.47529,1.12317],[0.40372,0.36576,1.39171],[-0.17527,0.40368,1.27412],[-0.11466,0.46243,0.99467],[0.46432,0.42451,1.11225]],"extent_m":[0.59202,0.29192,0.05195]}},{"id":1,"label":"pressure gauge","pose":{"rotation_3x3":[[-0.9992,-0.03584,-0.01779],[-0.01329,-0.122,0.99244],[-0.03774,0.99188,0.12142]],"translation_m":[-0.28525,0.50514,1.09118]},"obb":{"corners_m":[[-0.20452,0.51078,1.03067],[-0.36131,0.50869,1.02474],[-0.36587,0.49317,1.15093],[-0.20908,0.49526,1.15685],[-0.20463,0.51712,1.03144],[-0.36143,0.51503,1.02552],[-0.36599,0.49951,1.1517],[-0.20919,0.5016,1.15763]],"extent_m":[0.15692,0.12722,0.00639]}},{"id":2,"label":"blue tool","pose":{"rotation_3x3":[[-0.55762,-0.31587,-0.76765],[-0.22615,0.9476,-0.22564],[0.7987,0.04779,-0.59983]],"translation_m":[0.64184,0.44111,1.16123]},"obb":{"corners_m":[[0.73648,0.42107,1.09168],[0.62073,0.37413,1.25747],[0.58775,0.47307,1.26246],[0.7035,0.52002,1.09667],[0.69593,0.40915,1.05999],[0.58018,0.36221,1.22579],[0.5472,0.46116,1.23078],[0.66295,0.5081,1.06498]],"extent_m":[0.20758,0.10442,0.05282]}}]},{"frame":5,"hands":[{"side":"left","joints_3d_m":[[0.08816,0.33631,1.26765],[0.06447,0.32459,1.2396],[0.04728,0.32705,1.21413],[0.02896,0.33988,1.19873],[0.00926,0.34805,1.16873],[0.07491,0.34373,1.17832],[0.05389,0.36549,1.1649],[0.03349,0.37369,1.1688],[0.01363,0.37435,1.18414],[0.08641,0.36614,1.17777],[0.06143,0.38563,1.17408],[0.03941,0.3916,1.17943],[0.01965,0.39062,1.19577],[0.0922,0.38446,1.19639],[0.07088,0.4018,1.18696],[0.0472,0.40773,1.19216],[0.0299,0.40959,1.21062],[0.09238,0.39779,1.21369],[0.07629,0.40995,1.20692],[0.05839,0.41644,1.20785],[0.0427,0.4157,1.21577]],"joints_2d_px":[[351.69,358.05],[341.12,353.2],[332.07,358.21],[325.5,366.39],[317.68,373.86],[345.73,361.67],[336.45,371.49],[327.56,375.12],[319.7,376.21],[351.0,371.42],[340.01,380.07],[330.34,382.54],[321.4,381.02],[353.77,379.37],[344.55,387.04],[334.23,388.85],[327.03,386.45],[354.02,385.17],[347.16,390.56],[339.32,393.38],[332.73,392.04]]},{"side":"right","joints_3d_m":[[-0.11271,0.32021,1.22325],[-0.08156,0.31349,1.20177],[-0.05769,0.31638,1.18266],[-0.03736,0.33074,1.17201],[-0.01659,0.34616,1.14653],[-0.08219,0.3275,1.13842],[-0.0616,0.3522,1.13099],[-0.04371,0.36236,1.13947],[-0.02966,0.36153,1.16],[-0.09792,0.34644,1.13359],[-0.07451,0.3679,1.13363],[-0.05498,0.37713,1.14243],[-0.04233,0.37901,1.16445],[-0.11155,0.36341,1.14895],[-0.08851,0.37968,1.14258],[-0.06649,0.38881,1.14954],[-0.05224,0.39678,1.16892],[-0.11851,0.37682,1.16461],[-0.10524,0.39023,1.15508],[-0.08791,0.39796,1.15539],[-0.07472,0.39993,1.16608]],"joints_2d_px":[[275.81,362.91],[289.4,360.13],[300.3,364.62],[307.9,372.62],[315.46,381.56],[289.09,366.54],[298.27,377.31],[306.03,381.8],[311.5,382.48],[282.17,374.83],[292.39,384.23],[300.91,387.85],[306.72,386.93],[276.2,382.15],[286.32,389.29],[295.7,392.32],[301.49,392.17],[273.14,387.91],[279.26,393.64],[286.7,396.37],[291.45,394.71]]}],"objects":[{"id":0,"label":"black tool box","pose":{"rotation_3x3":[[-0.9804,0.19639,-0.01598],[0.05787,0.20943,-0.97611],[-0.18835,-0.9579,-0.21669]],"translation_m":[0.14019,0.4355,1.19175]},"obb":{"corners_m":[[0.40109,0.41578,1.39007],[-0.17593,0.44984,1.27922],[-0.11981,0.50968,1.00552],[0.4572,0.47563,1.11637],[0.40019,0.36132,1.37798],[-0.17682,0.39537,1.26713],[-0.1207,0.45521,0.99343],[0.45631,0.42116,1.10428]],"extent_m":[0.58855,0.28573,0.0558]}},{"id":1,"label":"pressure gauge","pose":{"rotation_3x3":[[-0.99981,-0.01555,-0.01187],[-0.01028,-0.09806,0.99513],[-0.01664,0.99506,0.09788]],"translation_m":[-0.28144,0.49554,1.07435]},"obb":{"corners_m":[[-0.20146,0.49967,1.00671],[-0.35919,0.49804,1.00408],[-0.36133,0.48452,1.14131],[-0.20361,0.48614,1.14394],[-0.20155,0.50657,1.00739],[-0.35927,0.50494,1.00476],[-0.36142,0.49142,1.14199],[-0.20369,0.49304,1.14462]],"extent_m":[0.15776,0.13791,0.00693]}},{"id":2,"label":"blue tool","pose":{"rotation_3x3":[[-0.54372,-0.33112,-0.77118],[-0.22037,0.94296,-0.24951],[0.80982,0.03428,-0.58568]],"translation_m":[0.63714,0.44034,1.15501]},"obb":{"corners_m":[[0.7288,0.42038,1.08481],[0.61756,0.3753,1.25048],[0.5834,0.47257,1.25402],[0.69464,0.51765,1.08834],[0.69087,0.40811,1.056],[0.57963,0.36302,1.22167],[0.54548,0.46029,1.22521],[0.65671,0.50538,1.05954]],"extent_m":[0.20458,0.10315,0.04918]}}]},{"frame":6,"hands":[{"side":"left","joints_3d_m":[[0.08222,0.33505,1.27108],[0.0574,0.32398,1.24389],[0.03895,0.32639,1.2194],[0.02003,0.3393,1.20486],[0.00044,0.34836,1.17524],[0.06579,0.34336,1.18245],[0.04381,0.36522,1.17116],[0.02355,0.37275,1.17637],[0.00537,0.37181,1.19338],[0.07758,0.36551,1.18157],[0.05242,0.38474,1.17891],[0.03057,0.39016,1.18517],[0.01243,0.38806,1.20314],[0.08433,0.38353,1.20002],[0.06255,0.40057,1.19131],[0.03904,0.40645,1.19709],[0.02252,0.40836,1.21621],[0.08538,0.39668,1.21734],[0.0689,0.40809,1.21058],[0.0508,0.41381,1.21185],[0.03572,0.41257,1.22078]],"joints_2d_px":[[349.83,358.31],[338.91,353.41],[329.33,358.41],[322.44,366.73],[314.2,373.77],[343.07,361.98],[333.58,371.93],[324.65,375.68],[316.84,376.86],[348.38,371.85],[337.43,380.7],[327.72,382.72],[319.75,380.42],[351.32,379.88],[341.69,387.55],[331.44,388.84],[325.29,385.96],[351.7,385.74],[344.51,391.18],[336.5,393.14],[330.85,390.68]]},{"side":"right","joints_3d_m":[[-0.11954,0.31962,1.23082],[-0.08846,0.31234,1.20942],[-0.06462,0.31463,1.19017],[-0.0441,0.32853,1.17926],[-0.02365,0.34353,1.15327],[-0.08903,0.32545,1.14584],[-0.06789,0.3496,1.13797],[-0.04984,0.35971,1.14611],[-0.0355,0.3592,1.16633],[-0.10461,0.34445,1.14074],[-0.08084,0.36554,1.14055],[-0.06119,0.37475,1.14906],[-0.04784,0.37704,1.17064],[-0.11809,0.36176,1.15587],[-0.09491,0.37773,1.14924],[-0.07275,0.38674,1.15585],[-0.05785,0.39461,1.1748],[-0.12494,0.37545,1.17135],[-0.1116,0.38863,1.16158],[-0.09412,0.39604,1.16149],[-0.08039,0.39787,1.17163]],"joints_2d_px":[[274.35,360.71],[287.62,357.54],[297.88,361.45],[305.14,368.96],[312.05,377.28],[287.1,363.24],[296.07,373.78],[303.74,378.37],[309.14,379.22],[280.37,371.48],[290.75,380.47],[299.29,384.22],[305.89,384.09],[274.65,378.96],[284.67,385.87],[294.16,388.97],[300.5,389.07],[271.79,384.86],[277.41,390.61],[284.9,393.43],[290.14,391.91]]}],"objects":[{"id":0,"label":"black tool box","pose":{"rotation_3x3":[[-0.9831,0.18232,-0.01651],[0.05466,0.20622,-0.97698],[-0.17472,-0.96137,-0.2127]],"translation_m":[0.1376,0.43366,1.18627]},"obb":{"corners_m":[[0.39797,0.41625,1.38107],[-0.17411,0.44806,1.2794],[-0.12182,0.5072,1.0037],[0.45025,0.47539,1.10537],[0.39702,0.36012,1.36885],[-0.17506,0.39192,1.26718],[-0.12277,0.45106,0.99148],[0.4493,0.41926,1.09315]],"extent_m":[0.58191,0.28678,0.05746]}},{"id":1,"label":"pressure gauge","pose":{"rotation_3x3":[[-0.99998,-0.00581,0.0019],[0.0025,-0.10454,0.99452],[-0.00558,0.9945,0.10455]],"translation_m":[-0.28244,0.49523,1.07415]},"obb":{"corners_m":[[-0.20271,0.49884,1.00751],[-0.3614,0.49924,1.00663],[-0.36218,0.48521,1.14012],[-0.20349,0.48481,1.141],[-0.2027,0.50526,1.00819],[-0.36139,0.50565,1.0073],[-0.36217,0.49162,1.14079],[-0.20348,0.49122,1.14168]],"extent_m":[0.15869,0.13423,0.00645]}},{"id":2,"label":"blue tool","pose":{"rotation_3x3":[[-0.50761,-0.38135,-0.7726],[-0.19997,0.92437,-0.32488],[0.83806,-0.01042,-0.54548]],"translation_m":[0.63471,0.4393,1.14703]},"obb":{"corners_m":[[0.72865,0.421,1.07619],[0.62368,0.37965,1.24948],[0.58402,0.47579,1.2484],[0.68899,0.51714,1.0751],[0.6854,0.40281,1.04565],[0.58043,0.36146,1.21895],[0.54077,0.4576,1.21787],[0.64574,0.49895,1.04457]],"extent_m":[0.20678,0.104,0.05598]}}]},{"frame":7,"hands":[{"side":"left","joints_3d_m":[[0.07635,0.33112,1.27474],[0.05047,0.32045,1.2484],[0.03082,0.3221,1.22478],[0.0117,0.33514,1.21059],[-0.00669,0.34518,1.18054],[0.05613,0.3411,1.18714],[0.03346,0.36369,1.17877],[0.01323,0.37042,1.18522],[-0.00295,0.36698,1.20385],[0.06778,0.36333,1.18627],[0.0422,0.38211,1.18567],[0.02043,0.38683,1.19272],[0.00407,0.38337,1.21209],[0.07523,0.381,1.20481],[0.05241,0.39705,1.1976],[0.02893,0.40257,1.20373],[0.01262,0.40455,1.22307],[0.07697,0.39379,1.22234],[0.0593,0.40351,1.21611],[0.04087,0.408,1.21784],[0.02614,0.40631,1.22729]],"joints_2d_px":[[348.23,357.0],[336.46,352.32],[326.31,356.5],[319.22,364.52],[312.11,371.65],[338.87,361.75],[328.48,371.78],[319.38,374.86],[312.68,374.36],[344.18,371.76],[332.62,380.28],[322.76,382.23],[314.8,379.41],[347.64,379.67],[337.37,387.12],[326.88,388.75],[319.98,386.17],[348.5,385.39],[340.35,389.59],[332.14,391.11],[326.32,389.04]]},{"side":"right","joints_3d_m":[[-0.12552,0.31574,1.23951],[-0.09442,0.30785,1.21832],[-0.07083,0.31011,1.19873],[-0.05024,0.32389,1.18777],[-0.02956,0.33792,1.16132],[-0.09447,0.32038,1.15456],[-0.07327,0.34465,1.14734],[-0.05536,0.35498,1.15563],[-0.04134,0.35397,1.17625],[-0.10978,0.33956,1.14921],[-0.08592,0.36055,1.1492],[-0.06635,0.37005,1.15764],[-0.05313,0.3725,1.17942],[-0.12311,0.35719,1.16412],[-0.09963,0.373,1.15816],[-0.07749,0.38201,1.16488],[-0.06282,0.38979,1.18403],[-0.12985,0.37113,1.17946],[-0.11585,0.38399,1.17023],[-0.09821,0.39103,1.17032],[-0.08422,0.39245,1.18032]],"joints_2d_px":[[271.59,358.45],[284.78,355.26],[295.4,359.46],[302.75,367.25],[309.88,375.92],[284.3,360.73],[293.16,371.18],[300.82,375.67],[306.34,376.37],[277.63,368.88],[287.68,378.05],[296.11,381.95],[302.6,381.9],[271.94,376.34],[281.89,383.16],[291.31,386.44],[297.73,387.01],[269.1,382.23],[274.83,388.0],[282.16,390.93],[287.42,389.62]]}],"objects":[{"id":0,"label":"black tool box","pose":{"rotation_3x3":[[-0.98474,0.17311,-0.01804],[0.05614,0.21784,-0.97437],[-0.16475,-0.96051,-0.22423]],"translation_m":[0.13786,0.43347,1.19316]},"obb":{"corners_m":[[0.40133,0.41522,1.38312],[-0.1733,0.44798,1.28698],[-0.12454,0.50933,1.01646],[0.45009,0.47657,1.1126],[0.40027,0.35762,1.36987],[-0.17437,0.39038,1.27373],[-0.12561,0.45173,1.00321],[0.44902,0.41897,1.09934]],"extent_m":[0.58354,0.28164,0.05911]}},{"id":1,"label":"pressure gauge","pose":{"rotation_3x3":[[-0.99919,0.03996,0.00449],[0.00067,-0.09517,0.99546],[0.04021,0.99466,0.09507]],"translation_m":[-0.28547,0.50172,1.08739]},"obb":{"corners_m":[[-0.20792,0.50541,1.01475],[-0.3686,0.50552,1.02122],[-0.36305,0.49229,1.15949],[-0.20236,0.49218,1.15302],[-0.20789,0.51116,1.0153],[-0.36858,0.51127,1.02177],[-0.36302,0.49804,1.16004],[-0.20234,0.49793,1.15357]],"extent_m":[0.16082,0.13901,0.00578]}},{"id":2,"label":"blue tool","pose":{"rotation_3x3":[[-0.49966,-0.39837,-0.76918],[-0.20474,0.91712,-0.342],[0.84168,-0.0134,-0.53981]],"translation_m":[0.63559,0.44035,1.15334]},"obb":{"corners_m":[[0.73075,0.42478,1.08046],[0.62512,0.3815,1.2584],[0.58432,0.47543,1.25703],[0.68995,0.51871,1.07909],[0.68686,0.40527,1.04966],[0.58122,0.36198,1.22759],[0.54043,0.45591,1.22622],[0.64606,0.49919,1.04828]],"extent_m":[0.21141,0.10242,0.05707]}}]},{"frame":8,"hands":[{"side":"left","joints_3d_m":[[0.0685,0.32029,1.27891],[0.04182,0.30992,1.25302],[0.02069,0.31039,1.23068],[0.00202,0.32432,1.21682],[-0.01404,0.33699,1.18671],[0.04531,0.33247,1.19196],[0.02394,0.35617,1.18409],[0.00361,0.36247,1.1911],[-0.01156,0.3573,1.21047],[0.05673,0.355,1.19138],[0.03133,0.37398,1.19197],[0.00974,0.37803,1.20025],[-0.00577,0.37387,1.22047],[0.06461,0.37231,1.21031],[0.04071,0.38746,1.20497],[0.01743,0.39252,1.21218],[0.00125,0.39474,1.23179],[0.06678,0.38466,1.22828],[0.04795,0.39293,1.22374],[0.02958,0.39624,1.2272],[0.01582,0.39419,1.238]],"joints_2d_px":[[346.39,355.5],[333.96,350.99],[322.94,354.61],[315.55,362.64],[309.09,370.44],[335.1,361.09],[324.93,371.89],[315.86,374.95],[309.62,373.53],[340.45,371.23],[328.7,379.78],[318.9,381.61],[311.58,378.58],[344.32,379.07],[333.64,386.28],[323.1,388.23],[315.82,386.18],[345.55,384.69],[337.16,388.82],[328.92,390.47],[322.99,388.6]]},{"side":"right","joints_3d_m":[[-0.13338,0.30592,1.24948],[-0.10231,0.29752,1.22839],[-0.07866,0.29963,1.20881],[-0.0578,0.31331,1.19814],[-0.03632,0.32686,1.17202],[-0.10167,0.31072,1.16472],[-0.08038,0.33495,1.15757],[-0.06255,0.34574,1.16529],[-0.04795,0.34595,1.18514],[-0.11651,0.33032,1.15948],[-0.0927,0.35135,1.15895],[-0.07333,0.36154,1.16701],[-0.05967,0.36543,1.18815],[-0.12953,0.34811,1.1745],[-0.10611,0.36392,1.16837],[-0.08415,0.37342,1.17502],[-0.06992,0.38183,1.19422],[-0.13603,0.36205,1.18995],[-0.1219,0.37513,1.18129],[-0.10446,0.3826,1.18158],[-0.09053,0.38403,1.19165]],"joints_2d_px":[[268.19,356.86],[281.71,353.44],[292.12,357.85],[299.35,365.77],[306.81,373.5],[282.16,359.43],[291.58,369.92],[299.24,374.6],[304.55,375.33],[275.67,367.87],[285.92,377.05],[294.3,381.08],[300.21,380.95],[269.92,375.45],[279.99,382.41],[289.27,385.55],[294.83,385.49],[267.0,381.38],[273.37,386.93],[280.9,389.57],[286.13,388.13]]}],"objects":[{"id":0,"label":"black tool box","pose":{"rotation_3x3":[[-0.9897,0.14311,-0.00356],[0.03804,0.23893,-0.97029],[-0.13801,-0.96043,-0.24191]],"translation_m":[0.12431,0.43029,1.19508]},"obb":{"corners_m":[[0.38869,0.41384,1.36886],[-0.17796,0.43562,1.28985],[-0.13989,0.49917,1.03437],[0.42676,0.47739,1.11338],[0.3885,0.36141,1.35579],[-0.17815,0.3832,1.27678],[-0.14008,0.44675,1.0213],[0.42657,0.42497,1.10031]],"extent_m":[0.57254,0.266,0.05403]}},{"id":1,"label":"pressure gauge","pose":{"rotation_3x3":[[-0.99994,0.01022,-0.00268],[0.00369,0.10011,-0.99497],[-0.0099,-0.99492,-0.10015]],"translation_m":[-0.28644,0.50107,1.0848]},"obb":{"corners_m":[[-0.20781,0.49823,1.15348],[-0.36643,0.49882,1.15191],[-0.36504,0.5124,1.01698],[-0.20642,0.51181,1.01855],[-0.20783,0.48973,1.15262],[-0.36645,0.49032,1.15105],[-0.36506,0.5039,1.01612],[-0.20645,0.50331,1.01769]],"extent_m":[0.15863,0.13562,0.00854]}},{"id":2,"label":"blue tool","pose":{"rotation_3x3":[[-0.55937,-0.34847,-0.75211],[-0.23267,0.93687,-0.26102],[0.79559,0.02899,-0.60514]],"translation_m":[0.63754,0.43928,1.15779]},"obb":{"corners_m":[[0.73399,0.42193,1.09198],[0.61957,0.37434,1.25472],[0.58349,0.47134,1.25772],[0.69791,0.51893,1.09498],[0.69159,0.40721,1.05787],[0.57717,0.35962,1.22061],[0.54109,0.45663,1.22361],[0.65551,0.50422,1.06087]],"extent_m":[0.20455,0.10354,0.05637]}}]},{"frame":9,"hands":[{"side":"left","joints_3d_m":[[0.06121,0.29956,1.28382],[0.03294,0.2891,1.25989],[0.01009,0.28892,1.23942],[-0.00856,0.30359,1.22649],[-0.02367,0.3193,1.19749],[0.03308,0.3099,1.19833],[0.01306,0.33438,1.18956],[-0.00647,0.34198,1.19674],[-0.02082,0.33803,1.21661],[0.04476,0.33208,1.19645],[0.02008,0.35186,1.19708],[-0.00061,0.35733,1.20608],[-0.01568,0.35533,1.22646],[0.05399,0.34965,1.21432],[0.0297,0.36457,1.21015],[0.00721,0.37077,1.21833],[-0.0084,0.37483,1.23801],[0.05741,0.36237,1.23172],[0.03819,0.37035,1.22853],[0.02047,0.37412,1.23358],[0.00748,0.37327,1.24541]],"joints_2d_px":[[343.54,353.15],[330.94,348.53],[319.65,351.52],[312.77,359.61],[307.66,367.02],[330.85,359.24],[321.35,370.54],[312.29,373.54],[306.62,371.68],[335.85,369.51],[324.28,378.12],[314.7,379.58],[308.27,376.09],[339.74,377.23],[328.18,383.36],[318.05,384.42],[311.98,382.41],[341.06,382.67],[332.11,385.8],[324.16,386.63],[319.08,384.56]]},{"side":"right","joints_3d_m":[[-0.14208,0.28531,1.26085],[-0.11136,0.2768,1.23928],[-0.08779,0.27886,1.2196],[-0.06708,0.29272,1.20893],[-0.04548,0.30651,1.18305],[-0.11138,0.29079,1.1758],[-0.09031,0.31527,1.16873],[-0.0726,0.32678,1.17548],[-0.05706,0.32926,1.19421],[-0.12605,0.31065,1.17099],[-0.1025,0.33198,1.1704],[-0.0834,0.34279,1.17824],[-0.06927,0.34803,1.19866],[-0.13867,0.32843,1.1864],[-0.11535,0.34443,1.18043],[-0.09369,0.35439,1.18741],[-0.07988,0.36345,1.20669],[-0.14482,0.34226,1.20209],[-0.13057,0.35563,1.19402],[-0.11342,0.36368,1.19471],[-0.09981,0.36535,1.2051]],"joints_2d_px":[[264.82,353.16],[278.34,349.41],[288.99,354.05],[296.54,362.19],[304.72,370.36],[278.79,355.85],[287.98,366.74],[295.66,371.64],[301.1,372.58],[272.47,364.65],[282.99,373.79],[291.48,378.11],[297.9,378.62],[266.92,372.41],[277.36,379.37],[286.76,382.8],[292.49,383.27],[264.2,378.4],[270.57,384.13],[278.07,387.08],[283.18,385.69]]}],"objects":[{"id":0,"label":"black tool box","pose":{"rotation_3x3":[[-0.98336,0.18164,-0.00207],[0.04487,0.23182,-0.97172],[-0.17602,-0.95565,-0.23612]],"translation_m":[0.12868,0.40126,1.13553]},"obb":{"corners_m":[[0.37574,0.38527,1.31538],[-0.16575,0.40997,1.21845],[-0.11827,0.47057,0.96865],[0.42322,0.44587,1.06557],[0.37563,0.33195,1.30242],[-0.16586,0.35666,1.20549],[-0.11838,0.41725,0.95569],[0.42311,0.39255,1.05262]],"extent_m":[0.55065,0.26139,0.05487]}},{"id":1,"label":"pressure gauge","pose":{"rotation_3x3":[[-0.98271,0.17441,0.06214],[0.04102,-0.12219,0.99166],[0.18055,0.97706,0.11292]],"translation_m":[-0.26979,0.4728,1.02835]},"obb":{"corners_m":[[-0.20562,0.47071,0.94818],[-0.35817,0.47707,0.97621],[-0.33484,0.46073,1.1069],[-0.18229,0.45436,1.07888],[-0.20473,0.48487,0.9498],[-0.35728,0.49124,0.97782],[-0.33396,0.4749,1.10852],[-0.1814,0.46853,1.08049]],"extent_m":[0.15524,0.13376,0.01428]}},{"id":2,"label":"blue tool","pose":{"rotation_3x3":[[-0.53579,-0.41278,-0.73657],[-0.17851,0.90801,-0.37901],[0.82527,-0.07158,-0.56019]],"translation_m":[0.59702,0.40961,1.09461]},"obb":{"corners_m":[[0.69268,0.39473,1.03517],[0.58804,0.35987,1.19635],[0.5478,0.4484,1.18937],[0.65244,0.48326,1.02819],[0.64624,0.37083,0.99985],[0.5416,0.33597,1.16103],[0.50135,0.4245,1.15405],[0.60599,0.45936,0.99287]],"extent_m":[0.1953,0.0975,0.06305]}},{"id":3,"label":"power adapter","pose":null,"obb":null}]},{"frame":10,"hands":[{"side":"left","joints_3d_m":[[0.05219,0.27412,1.28971],[0.02164,0.26379,1.26945],[-0.00297,0.26352,1.25125],[-0.02219,0.27859,1.23987],[-0.03882,0.29513,1.21252],[0.0172,0.27878,1.20714],[-0.00186,0.30379,1.19775],[-0.01958,0.31433,1.20469],[-0.03312,0.31381,1.22478],[0.02961,0.29949,1.2022],[0.00605,0.32048,1.20135],[-0.013,0.32897,1.21055],[-0.02648,0.3312,1.23124],[0.04119,0.31761,1.2172],[0.01728,0.33302,1.21291],[-0.00349,0.34165,1.22237],[-0.01614,0.34842,1.24278],[0.04675,0.33134,1.23266],[0.02811,0.34063,1.23049],[0.01145,0.34623,1.23671],[-0.00082,0.3475,1.24922]],"joints_2d_px":[[339.54,342.18],[327.3,337.96],[316.3,340.89],[310.67,349.13],[306.82,357.89],[326.68,345.67],[319.95,356.51],[312.17,360.56],[306.62,360.72],[331.83,354.66],[322.31,363.8],[314.16,366.44],[307.46,365.7],[336.21,362.06],[326.21,368.52],[317.67,370.65],[312.47,370.28],[338.09,367.53],[330.08,371.1],[323.57,372.55],[319.43,371.74]]},{"side":"right","joints_3d_m":[[-0.14934,0.25711,1.27366],[-0.11894,0.24925,1.25144],[-0.09599,0.25174,1.2311],[-0.07606,0.26614,1.21975],[-0.05522,0.28047,1.19359],[-0.12049,0.26342,1.18804],[-0.10063,0.28868,1.1805],[-0.08324,0.3012,1.18625],[-0.0667,0.30589,1.20389],[-0.1356,0.28299,1.18363],[-0.11259,0.30488,1.18326],[-0.09367,0.31645,1.19046],[-0.07825,0.32317,1.20963],[-0.14823,0.30047,1.19936],[-0.12535,0.31706,1.19333],[-0.10394,0.32778,1.19993],[-0.08987,0.33761,1.21868],[-0.15431,0.31412,1.21523],[-0.14033,0.328,1.20754],[-0.12358,0.33684,1.20834],[-0.11001,0.33905,1.2187]],"joints_2d_px":[[261.0,337.82],[273.72,334.41],[284.25,338.2],[291.52,345.7],[298.97,354.02],[272.91,340.9],[281.45,351.41],[288.76,357.01],[295.61,361.07],[266.63,349.37],[276.31,358.72],[284.31,363.61],[291.75,366.19],[261.48,356.76],[271.03,363.77],[280.02,367.79],[286.04,369.19],[259.08,362.47],[264.87,368.56],[271.83,372.18],[277.09,371.28]]}],"objects":[{"id":0,"label":"black tool box","pose":{"rotation_3x3":[[-0.9899,0.14125,-0.01211],[0.05,0.26794,-0.96214],[-0.13266,-0.95303,-0.2723]],"translation_m":[0.12955,0.38297,1.16429]},"obb":{"corners_m":[[0.38786,0.35913,1.32628],[-0.16328,0.38697,1.25242],[-0.12817,0.45357,1.01553],[0.42297,0.42573,1.08939],[0.38727,0.31237,1.31304],[-0.16387,0.34021,1.23919],[-0.12876,0.40681,1.00229],[0.42238,0.37897,1.07615]],"extent_m":[0.55677,0.24857,0.0486]}},{"id":1,"label":"pressure gauge","pose":{"rotation_3x3":[[-0.76882,0.63273,0.09257],[-0.05491,-0.20955,0.97626],[0.6371,0.74548,0.19584]],"translation_m":[-0.24987,0.43454,0.9561]},"obb":{"corners_m":[[-0.23816,0.43942,0.8578],[-0.34871,0.43152,0.94941],[-0.26405,0.40349,1.04915],[-0.1535,0.41138,0.95754],[-0.23568,0.4656,0.86305],[-0.34623,0.4577,0.95466],[-0.26157,0.42967,1.0544],[-0.15102,0.43756,0.96279]],"extent_m":[0.14379,0.1338,0.02682]}},{"id":2,"label":"blue tool","pose":{"rotation_3x3":[[-0.54102,0.5966,0.59276],[-0.21907,-0.78046,0.58556],[0.81198,0.18694,0.55294]],"translation_m":[0.61074,0.39291,1.13104]},"obb":{"corners_m":[[0.61703,0.438,1.0277],[0.51187,0.39541,1.18554],[0.57242,0.3162,1.20451],[0.67759,0.35878,1.04668],[0.64905,0.46963,1.05757],[0.54389,0.42704,1.21541],[0.60444,0.34783,1.23438],[0.70961,0.39042,1.07655]],"extent_m":[0.19439,0.1015,0.05402]}},{"id":3,"label":"power adapter","pose":{"rotation_3x3":[[-0.98738,0.13315,0.08577],[0.0639,-0.1606,0.98495],[0.14492,0.978,0.15007]],"translation_m":[0.39243,0.44566,0.92894]},"obb":{"corners_m":[[0.41793,0.44469,0.89871],[0.35944,0.44848,0.90729],[0.36637,0.44012,0.95817],[0.42486,0.43634,0.94959],[0.4185,0.4512,0.8997],[0.36001,0.45499,0.90828],[0.36694,0.44663,0.95917],[0.42542,0.44285,0.95058]],"extent_m":[0.05923,0.05203,0.00661]}}]},{"frame":11,"hands":[{"side":"left","joints_3d_m":[[0.04444,0.2487,1.29671],[0.01102,0.23926,1.28179],[-0.01521,0.23918,1.26599],[-0.03529,0.25415,1.256],[-0.0544,0.27029,1.23022],[-0.00021,0.2472,1.21933],[-0.01936,0.27226,1.2103],[-0.03499,0.28591,1.21713],[-0.04718,0.28932,1.23778],[0.01296,0.26577,1.21027],[-0.00945,0.28808,1.20847],[-0.02659,0.30028,1.2173],[-0.0387,0.30726,1.2379],[0.02768,0.28419,1.22115],[0.00442,0.3005,1.21645],[-0.01431,0.31207,1.22706],[-0.02343,0.32112,1.24835],[0.03623,0.29895,1.23376],[0.01837,0.30977,1.23185],[0.00266,0.31762,1.23825],[-0.00942,0.32139,1.25072]],"joints_2d_px":[[338.75,330.82],[324.37,326.41],[313.18,330.56],[306.35,338.61],[300.17,348.35],[319.39,328.6],[310.89,338.78],[304.67,345.29],[300.31,349.03],[325.1,336.44],[315.69,345.92],[308.58,351.67],[302.77,354.87],[331.55,344.59],[321.94,351.81],[314.3,356.73],[310.02,358.52],[335.32,351.18],[328.01,356.22],[321.69,359.87],[317.26,360.97]]},{"side":"right","joints_3d_m":[[-0.15848,0.23032,1.28784],[-0.12825,0.22386,1.26497],[-0.10596,0.22746,1.24415],[-0.08714,0.24281,1.23222],[-0.06719,0.25799,1.20581],[-0.13188,0.23752,1.20152],[-0.11406,0.26408,1.19352],[-0.0973,0.27769,1.19876],[-0.08024,0.2835,1.21594],[-0.14801,0.25627,1.19734],[-0.12605,0.2792,1.19724],[-0.10746,0.29159,1.20396],[-0.09137,0.29904,1.22255],[-0.16114,0.27316,1.21327],[-0.13894,0.2907,1.2074],[-0.11789,0.30244,1.21342],[-0.10357,0.31313,1.23159],[-0.16754,0.28657,1.22921],[-0.15398,0.30105,1.22187],[-0.13765,0.31073,1.22285],[-0.12406,0.31357,1.23313]],"joints_2d_px":[[259.44,324.32],[271.9,321.65],[281.38,325.51],[287.7,333.29],[294.0,341.49],[269.7,327.62],[277.31,338.8],[284.42,344.56],[290.99,347.96],[262.88,335.56],[272.19,345.17],[280.16,350.0],[287.48,351.92],[257.54,342.64],[266.95,350.01],[275.83,354.0],[282.08,355.61],[255.03,348.23],[260.6,354.37],[267.43,358.08],[272.73,357.56]]}],"objects":[{"id":0,"label":"black tool box","pose":{"rotation_3x3":[[-0.99144,0.13049,0.00428],[0.03616,0.30597,-0.95135],[-0.12545,-0.94306,-0.30807]],"translation_m":[0.11668,0.34628,1.14901]},"obb":{"corners_m":[[0.36536,0.32157,1.30847],[-0.16495,0.34091,1.24137],[-0.1322,0.4177,1.00467],[0.39811,0.39836,1.07177],[0.36557,0.27485,1.29334],[-0.16474,0.29419,1.22624],[-0.13199,0.37099,0.98954],[0.39832,0.35164,1.05664]],"extent_m":[0.53489,0.25099,0.04911]}},{"id":1,"label":"pressure gauge","pose":{"rotation_3x3":[[-0.61101,0.77727,0.15006],[-0.17006,-0.31402,0.93406],[0.77314,0.5452,0.32405]],"translation_m":[-0.24691,0.41697,0.95293]},"obb":{"corners_m":[[-0.25565,0.43533,0.85283],[-0.34751,0.40977,0.96907],[-0.24314,0.3676,1.04228],[-0.15128,0.39317,0.92604],[-0.25067,0.46633,0.86359],[-0.34253,0.44077,0.97983],[-0.23816,0.3986,1.05303],[-0.1463,0.42417,0.93679]],"extent_m":[0.15034,0.13427,0.03319]}},{"id":2,"label":"blue tool","pose":{"rotation_3x3":[[-0.58732,-0.53247,-0.60953],[-0.27418,0.83947,-0.46916],[0.7615,-0.10843,-0.63904]],"translation_m":[0.60548,0.36285,1.11939]},"obb":{"corners_m":[[0.70689,0.36031,1.07173],[0.59511,0.30813,1.21666],[0.54084,0